image: map_24_groot.pgm
resolution: 0.050000
origin: [-43.999998, -56.249998, 0.000000]
negate: 0
occupied_thresh: 0.65
free_thresh: 0.196

