image: groot_16feb_map_noZfilter.pgm
resolution: 0.050000
origin: [-123.849997, -81.749998, 0.000000]
negate: 0
occupied_thresh: 0.65
free_thresh: 0.196

