image: map_lab_loc.pgm
resolution: 0.050000
origin: [-34.199999, -27.250000, 0.000000]
negate: 0
occupied_thresh: 0.65
free_thresh: 0.196

