image: map_lab_loc_full.pgm
resolution: 0.050000
origin: [-47.100001, -23.400000, 0.000000]
negate: 0
occupied_thresh: 0.65
free_thresh: 0.196

