image: map_lab_nav_cleaned.pgm
resolution: 0.050000
origin: [-6.950000, -18.250000, 0.0000]
negate: 0
occupied_thresh: 0.65
free_thresh: 0.196

