image: map_lab_groot.pgm
resolution: 0.050000
origin: [-13.900000, -18.250000, 0.000000]
negate: 0
occupied_thresh: 0.65
free_thresh: 0.196

